IDA* over all 3,674,160 states
failures (wrong length or not solved): 0

 d     states   mean expanded    max expanded   max generated   worst state
 0          1             0.0               0               0             0
 1          9             1.0               1               9          6577
 2         54             2.0               2              15        114453
 3        321             3.0               5              31        299619
 4       1847             4.5              23             144        407511
 5       9992             8.2             105             641         13122
 6      50136            23.2             241            1442       1154007
 7     227536            94.8             655            3940        511758
 8     870072           477.9            2459           14751       3088773
 9    1887748          2317.9            9263           55578         12055
10     623800          8023.9           41720          250318       1268202
11       2644         34438.9          106635          639792       2437047

H3 PASSED
